 120 5
 5.000000e-01  1.000000e+00 -3.181609e+00 0.000000e+00 9.325000e-01 0.000000e+00
 4.414773e-01  1.598482e+00 -1.990394e+00 0.000000e+00 2.954352e+00 9.990010e-01 
 4.754256e-01  1.669416e+00 -1.905821e+00 0.000000e+00 2.990001e+00 9.890110e-01 
 4.793086e-01  1.710859e+00 -1.859656e+00 0.000000e+00 3.003425e+00 9.790210e-01 
 4.814563e-01  1.744549e+00 -1.823743e+00 0.000000e+00 3.010920e+00 9.690310e-01 
 4.829370e-01  1.774231e+00 -1.793232e+00 0.000000e+00 3.015261e+00 9.590410e-01 
 4.840626e-01  1.801307e+00 -1.766278e+00 0.000000e+00 3.017547e+00 9.490509e-01 
 4.849679e-01  1.826553e+00 -1.741865e+00 0.000000e+00 3.018364e+00 9.390609e-01 
 4.857237e-01  1.850431e+00 -1.719388e+00 0.000000e+00 3.018061e+00 9.290709e-01 
 4.863715e-01  1.873247e+00 -1.698446e+00 0.000000e+00 3.016871e+00 9.190809e-01 
 4.869378e-01  1.895210e+00 -1.678763e+00 0.000000e+00 3.014952e+00 9.090909e-01 
 4.874407e-01  1.916475e+00 -1.660136e+00 0.000000e+00 3.012422e+00 8.991009e-01 
 4.878928e-01  1.937158e+00 -1.642411e+00 0.000000e+00 3.009371e+00 8.891109e-01 
 4.883034e-01  1.957350e+00 -1.625467e+00 0.000000e+00 3.005866e+00 8.791209e-01 
 4.886795e-01  1.977125e+00 -1.609210e+00 0.000000e+00 3.001964e+00 8.691309e-01 
 4.890265e-01  1.996615e+00 -1.593501e+00 0.000000e+00 2.997692e+00 8.591409e-01 
 4.893486e-01  2.015720e+00 -1.578398e+00 0.000000e+00 2.993118e+00 8.491508e-01 
 4.896494e-01  2.034554e+00 -1.563787e+00 0.000000e+00 2.988260e+00 8.391608e-01 
 4.899315e-01  2.053150e+00 -1.549623e+00 0.000000e+00 2.983143e+00 8.291708e-01 
 4.901972e-01  2.071539e+00 -1.535867e+00 0.000000e+00 2.977789e+00 8.191808e-01 
 4.904485e-01  2.089745e+00 -1.522486e+00 0.000000e+00 2.972218e+00 8.091908e-01 
 4.906869e-01  2.107791e+00 -1.509451e+00 0.000000e+00 2.966446e+00 7.992008e-01 
 4.909138e-01  2.125697e+00 -1.496737e+00 0.000000e+00 2.960489e+00 7.892108e-01 
 4.911303e-01  2.143479e+00 -1.484320e+00 0.000000e+00 2.954360e+00 7.792208e-01 
 4.913375e-01  2.161153e+00 -1.472181e+00 0.000000e+00 2.948070e+00 7.692308e-01 
 4.915363e-01  2.178733e+00 -1.460302e+00 0.000000e+00 2.941629e+00 7.592408e-01 
 4.917273e-01  2.196231e+00 -1.448667e+00 0.000000e+00 2.935047e+00 7.492507e-01 
 4.919113e-01  2.213660e+00 -1.437262e+00 0.000000e+00 2.928331e+00 7.392607e-01 
 4.920889e-01  2.231028e+00 -1.426073e+00 0.000000e+00 2.921491e+00 7.292707e-01 
 4.922605e-01  2.248346e+00 -1.415088e+00 0.000000e+00 2.914532e+00 7.192807e-01 
 4.924267e-01  2.265623e+00 -1.404298e+00 0.000000e+00 2.907460e+00 7.092907e-01 
 4.925878e-01  2.282866e+00 -1.393691e+00 0.000000e+00 2.900283e+00 6.993007e-01 
 4.927443e-01  2.300082e+00 -1.383259e+00 0.000000e+00 2.893004e+00 6.893107e-01 
 4.928964e-01  2.317280e+00 -1.372993e+00 0.000000e+00 2.885628e+00 6.793207e-01 
 4.930446e-01  2.334465e+00 -1.362886e+00 0.000000e+00 2.878161e+00 6.693307e-01 
 4.931890e-01  2.351643e+00 -1.352930e+00 0.000000e+00 2.870606e+00 6.593407e-01 
 4.933300e-01  2.368820e+00 -1.343120e+00 0.000000e+00 2.862967e+00 6.493506e-01 
 4.934677e-01  2.386002e+00 -1.333448e+00 0.000000e+00 2.855247e+00 6.393606e-01 
 4.936023e-01  2.403193e+00 -1.323909e+00 0.000000e+00 2.847451e+00 6.293706e-01 
 4.937342e-01  2.420399e+00 -1.314498e+00 0.000000e+00 2.839580e+00 6.193806e-01 
 4.938634e-01  2.437623e+00 -1.305209e+00 0.000000e+00 2.831639e+00 6.093906e-01 
 4.939901e-01  2.454871e+00 -1.296039e+00 0.000000e+00 2.823629e+00 5.994006e-01 
 4.941145e-01  2.472147e+00 -1.286982e+00 0.000000e+00 2.815553e+00 5.894106e-01 
 4.942367e-01  2.489454e+00 -1.278035e+00 0.000000e+00 2.807414e+00 5.794206e-01 
 4.943569e-01  2.506796e+00 -1.269193e+00 0.000000e+00 2.799214e+00 5.694306e-01 
 4.944751e-01  2.524178e+00 -1.260454e+00 0.000000e+00 2.790954e+00 5.594406e-01 
 4.945915e-01  2.541602e+00 -1.251812e+00 0.000000e+00 2.782637e+00 5.494505e-01 
 4.947063e-01  2.559072e+00 -1.243266e+00 0.000000e+00 2.774266e+00 5.394605e-01 
 4.948194e-01  2.576592e+00 -1.234813e+00 0.000000e+00 2.765841e+00 5.294705e-01 
 4.949311e-01  2.594165e+00 -1.226448e+00 0.000000e+00 2.757364e+00 5.194805e-01 
 4.950413e-01  2.611793e+00 -1.218170e+00 0.000000e+00 2.748837e+00 5.094905e-01 
 4.951502e-01  2.629481e+00 -1.209976e+00 0.000000e+00 2.740261e+00 4.995005e-01 
 4.952579e-01  2.647230e+00 -1.201863e+00 0.000000e+00 2.731638e+00 4.895105e-01 
 4.953644e-01  2.665045e+00 -1.193829e+00 0.000000e+00 2.722970e+00 4.795205e-01 
 4.954699e-01  2.682927e+00 -1.185872e+00 0.000000e+00 2.714257e+00 4.695305e-01 
 4.955743e-01  2.700880e+00 -1.177990e+00 0.000000e+00 2.705501e+00 4.595405e-01 
 4.956778e-01  2.718906e+00 -1.170180e+00 0.000000e+00 2.696702e+00 4.495504e-01 
 4.957803e-01  2.737008e+00 -1.162440e+00 0.000000e+00 2.687863e+00 4.395604e-01 
 4.958821e-01  2.755190e+00 -1.154769e+00 0.000000e+00 2.678984e+00 4.295704e-01 
 4.959831e-01  2.773452e+00 -1.147165e+00 0.000000e+00 2.670067e+00 4.195804e-01 
 4.960833e-01  2.791799e+00 -1.139627e+00 0.000000e+00 2.661111e+00 4.095904e-01 
 4.961829e-01  2.810233e+00 -1.132151e+00 0.000000e+00 2.652119e+00 3.996004e-01 
 4.962819e-01  2.828756e+00 -1.124738e+00 0.000000e+00 2.643091e+00 3.896104e-01 
 4.963803e-01  2.847371e+00 -1.117385e+00 0.000000e+00 2.634028e+00 3.796204e-01 
 4.964783e-01  2.866080e+00 -1.110091e+00 0.000000e+00 2.624930e+00 3.696304e-01 
 4.965757e-01  2.884886e+00 -1.102854e+00 0.000000e+00 2.615799e+00 3.596404e-01 
 4.966728e-01  2.903792e+00 -1.095674e+00 0.000000e+00 2.606636e+00 3.496503e-01 
 4.967694e-01  2.922800e+00 -1.088548e+00 0.000000e+00 2.597441e+00 3.396603e-01 
 4.968657e-01  2.941912e+00 -1.081477e+00 0.000000e+00 2.588214e+00 3.296703e-01 
 4.969618e-01  2.961131e+00 -1.074457e+00 0.000000e+00 2.578958e+00 3.196803e-01 
 4.970576e-01  2.980460e+00 -1.067489e+00 0.000000e+00 2.569671e+00 3.096903e-01 
 4.971531e-01  2.999900e+00 -1.060572e+00 0.000000e+00 2.560355e+00 2.997003e-01 
 4.972486e-01  3.019455e+00 -1.053703e+00 0.000000e+00 2.551011e+00 2.897103e-01 
 4.973438e-01  3.039127e+00 -1.046882e+00 0.000000e+00 2.541639e+00 2.797203e-01 
 4.974390e-01  3.058919e+00 -1.040109e+00 0.000000e+00 2.532239e+00 2.697303e-01 
 4.975341e-01  3.078832e+00 -1.033382e+00 0.000000e+00 2.522813e+00 2.597403e-01 
 4.976292e-01  3.098870e+00 -1.026700e+00 0.000000e+00 2.513360e+00 2.497502e-01 
 4.977244e-01  3.119035e+00 -1.020062e+00 0.000000e+00 2.503882e+00 2.397602e-01 
 4.978195e-01  3.139330e+00 -1.013467e+00 0.000000e+00 2.494379e+00 2.297702e-01 
 4.979148e-01  3.159757e+00 -1.006916e+00 0.000000e+00 2.484850e+00 2.197802e-01 
 4.980102e-01  3.180318e+00 -1.000406e+00 0.000000e+00 2.475298e+00 2.097902e-01 
 4.981057e-01  3.201017e+00 -9.939368e-01 0.000000e+00 2.465721e+00 1.998002e-01 
 4.982015e-01  3.221856e+00 -9.875081e-01 0.000000e+00 2.456122e+00 1.898102e-01 
 4.982975e-01  3.242837e+00 -9.811188e-01 0.000000e+00 2.446499e+00 1.798202e-01 
 4.983937e-01  3.263964e+00 -9.747683e-01 0.000000e+00 2.436854e+00 1.698302e-01 
 4.984902e-01  3.285239e+00 -9.684558e-01 0.000000e+00 2.427186e+00 1.598402e-01 
 4.985871e-01  3.306664e+00 -9.621807e-01 0.000000e+00 2.417497e+00 1.498501e-01 
 4.986844e-01  3.328242e+00 -9.559427e-01 0.000000e+00 2.407787e+00 1.398601e-01 
 4.987821e-01  3.349603e+00 -9.498465e-01 0.000000e+00 2.398223e+00 1.298701e-01 
 4.988802e-01  3.371492e+00 -9.436797e-01 0.000000e+00 2.388472e+00 1.198801e-01 
 4.989788e-01  3.393543e+00 -9.375478e-01 0.000000e+00 2.378701e+00 1.098901e-01 
 4.990779e-01  3.415759e+00 -9.314501e-01 0.000000e+00 2.368910e+00 9.990010e-02 
 4.991775e-01  3.438141e+00 -9.253862e-01 0.000000e+00 2.359099e+00 8.991009e-02 
 4.992778e-01  3.460695e+00 -9.193554e-01 0.000000e+00 2.349269e+00 7.992008e-02 
 4.993787e-01  3.483422e+00 -9.133573e-01 0.000000e+00 2.339421e+00 6.993007e-02 
 4.994803e-01  3.506325e+00 -9.073913e-01 0.000000e+00 2.329553e+00 5.994006e-02 
 4.995826e-01  3.529407e+00 -9.014569e-01 0.000000e+00 2.319667e+00 4.995005e-02 
 4.996857e-01  3.552673e+00 -8.955536e-01 0.000000e+00 2.309763e+00 3.996004e-02 
 4.997896e-01  3.576123e+00 -8.896809e-01 0.000000e+00 2.299842e+00 2.997003e-02 
 4.998944e-01  3.599763e+00 -8.838384e-01 0.000000e+00 2.289903e+00 1.998002e-02 
 5.000000e-01  3.623628e+00 -8.780174e-01 0.000000e+00 2.279932e+00 9.990010e-03 
 5.000000e-01  1.000000e+00 -3.181609e+00 0.000000e+00 9.325000e-01 0.000000e+00 
 5.026316e-01  1.000000e+00 -3.181609e+00 0.000000e+00 9.325000e-01 0.000000e+00 
 5.052632e-01  1.000000e+00 -3.181609e+00 0.000000e+00 9.325000e-01 0.000000e+00 
 5.078947e-01  1.000000e+00 -3.181609e+00 0.000000e+00 9.325000e-01 0.000000e+00 
 5.105263e-01  1.000000e+00 -3.181609e+00 0.000000e+00 9.325000e-01 0.000000e+00 
 5.131579e-01  1.000000e+00 -3.181609e+00 0.000000e+00 9.325000e-01 0.000000e+00 
 5.157895e-01  1.000000e+00 -3.181609e+00 0.000000e+00 9.325000e-01 0.000000e+00 
 5.184211e-01  1.000000e+00 -3.181609e+00 0.000000e+00 9.325000e-01 0.000000e+00 
 5.210526e-01  1.000000e+00 -3.181609e+00 0.000000e+00 9.325000e-01 0.000000e+00 
 5.236842e-01  1.000000e+00 -3.181609e+00 0.000000e+00 9.325000e-01 0.000000e+00 
 5.263158e-01  1.000000e+00 -3.181609e+00 0.000000e+00 9.325000e-01 0.000000e+00 
 5.289474e-01  1.000000e+00 -3.181609e+00 0.000000e+00 9.325000e-01 0.000000e+00 
 5.315789e-01  1.000000e+00 -3.181609e+00 0.000000e+00 9.325000e-01 0.000000e+00 
 5.342105e-01  1.000000e+00 -3.181609e+00 0.000000e+00 9.325000e-01 0.000000e+00 
 5.368421e-01  1.000000e+00 -3.181609e+00 0.000000e+00 9.325000e-01 0.000000e+00 
 5.394737e-01  1.000000e+00 -3.181609e+00 0.000000e+00 9.325000e-01 0.000000e+00 
 5.421053e-01  1.000000e+00 -3.181609e+00 0.000000e+00 9.325000e-01 0.000000e+00 
 5.447368e-01  1.000000e+00 -3.181609e+00 0.000000e+00 9.325000e-01 0.000000e+00 
 5.473684e-01  1.000000e+00 -3.181609e+00 0.000000e+00 9.325000e-01 0.000000e+00 
 5.500000e-01  1.000000e+00 -3.181609e+00 0.000000e+00 9.325000e-01 0.000000e+00 
